30 26.2539 22.7575 19.5109 16.514 13.7669 11.2695 9.02185 7.02393 5.27575 3.77732 2.52862 1.52966 0.780437 0.280957 0.0312175 0.0312175 0.280957 0.780437 1.52966 2.52862 3.77732 5.27575 7.02393 9.02185 11.2695 13.7669 16.514 19.5109 22.7575 26.2539 30 
26.2539 23.5076 20.7613 18.1137 15.6113 13.2795 11.1337 9.1845 7.43913 5.90301 4.58022 3.47384 2.58622 1.9191 1.4737 1.25084 1.25089 1.47386 1.91935 2.58657 3.47427 4.58072 5.90356 7.4397 9.18509 11.1343 13.28 15.6118 18.1141 20.7616 23.5077 26.2539 
22.7575 20.7613 18.6664 16.5715 14.5383 12.6061 10.8017 9.14352 7.64531 6.31721 5.167 4.20062 3.4226 2.83634 2.44424 2.24787 2.24797 2.44455 2.83684 3.42328 4.20146 5.16798 6.31829 7.64644 9.14468 10.8028 12.6072 14.5392 16.5723 18.6669 20.7616 22.7575 
19.5109 18.1137 16.5715 14.9678 13.3643 11.8054 10.3236 8.94297 7.68177 6.55397 5.57041 4.73951 4.06772 3.55992 3.21958 3.04894 3.04909 3.22004 3.56067 4.06874 4.74076 5.57186 6.55556 7.68345 8.94469 10.3253 11.807 13.3657 14.969 16.5723 18.1142 19.5109 
16.514 15.6113 14.5383 13.3643 12.146 10.928 9.74479 8.62353 7.5854 6.6471 5.82182 5.11995 4.54957 4.11677 3.82594 3.67993 3.68013 3.82654 4.11775 4.5509 5.12159 5.82371 6.64918 7.5876 8.62578 9.74699 10.93 12.1479 13.3658 14.5394 15.6119 16.514 
13.7669 13.2795 12.6061 11.8054 10.928 10.0162 9.10464 8.22162 7.38991 6.62796 5.95063 5.36977 4.89471 4.53253 4.28839 4.16563 4.16587 4.28913 4.53373 4.89634 5.37178 5.95295 6.63052 7.39261 8.22437 9.10734 10.0187 10.9302 11.8073 12.6075 13.2802 13.7669 
11.2695 11.1337 10.8017 10.3236 9.74479 9.10464 8.4367 7.76917 7.1255 6.52513 5.98394 5.51482 5.128 4.83134 4.63056 4.5294 4.52969 4.63142 4.83275 5.12991 5.51718 5.98666 6.52812 7.12867 7.77239 8.43986 9.10761 9.74743 10.3258 10.8032 11.1346 11.2695 
9.02185 9.1845 9.14352 8.94297 8.62353 8.22162 7.76917 7.29373 6.8188 6.36416 5.94631 5.57875 5.27235 5.0355 4.87436 4.79296 4.79329 4.87534 5.0371 5.27451 5.58142 5.94939 6.36756 6.82239 7.29739 7.77275 8.22498 8.62653 8.94545 9.14532 9.18547 9.02185 
7.02393 7.43913 7.64531 7.68177 7.5854 7.38991 7.1255 6.8188 6.4929 6.1676 5.85963 5.58285 5.3485 5.16534 5.03983 4.97621 4.97657 5.04091 5.16711 5.35089 5.5858 5.86304 6.17136 6.49687 6.82285 7.12947 7.39363 7.58872 7.68451 7.64729 7.4402 7.02393 
5.27575 5.90301 6.31721 6.55397 6.6471 6.62796 6.52513 6.36416 6.1676 5.95502 5.74313 5.54596 5.37493 5.23905 5.14494 5.09701 5.0974 5.14612 5.24097 5.37754 5.54916 5.74684 5.9591 6.17192 6.36856 6.52944 6.63201 6.6507 6.55694 6.31937 5.90418 5.27575 
3.77732 4.58022 5.167 5.57041 5.82182 5.95063 5.98394 5.94631 5.85963 5.74313 5.61341 5.48447 5.36784 5.27261 5.20555 5.17112 5.17155 5.20681 5.27466 5.37062 5.48789 5.61736 5.74749 5.86424 5.951 5.98854 5.95495 5.82567 5.57359 5.1693 4.58147 3.77732 
2.52862 3.47384 4.20062 4.73951 5.11995 5.36977 5.51482 5.57875 5.58285 5.54596 5.48447 5.41232 5.34103 5.27974 5.23528 5.21214 5.21259 5.2366 5.2819 5.34395 5.41592 5.48863 5.55054 5.5877 5.58369 5.51967 5.37432 5.124 4.74285 4.20304 3.47516 2.52862 
1.52966 2.58622 3.4226 4.06772 4.54957 4.89471 5.128 5.27235 5.3485 5.37493 5.36784 5.34103 5.30599 5.27187 5.2455 5.23142 5.23188 5.24687 5.27411 5.30903 5.34477 5.37216 5.3797 5.35353 5.27748 5.13303 4.89943 4.55377 4.0712 3.42512 2.58758 1.52966 
0.780437 1.9191 2.83634 3.55992 4.11677 4.53253 4.83134 5.0355 5.16534 5.23905 5.27261 5.27974 5.27187 5.25812 5.24533 5.23804 5.23852 5.24674 5.26042 5.27499 5.28359 5.27705 5.24394 5.17051 5.04077 4.83651 4.53739 4.12109 3.56349 2.83893 1.9205 0.780437 
0.280957 1.4737 2.44424 3.21958 3.82594 4.28839 4.63056 4.87436 5.03983 5.14494 5.20555 5.23528 5.2455 5.24533 5.24159 5.23884 5.23932 5.24303 5.24767 5.24867 5.23918 5.21006 5.14992 5.04509 4.87972 4.63581 4.29332 3.83033 3.2232 2.44687 1.47513 0.280957 
0.0312175 1.25084 2.24787 3.04894 3.67993 4.16563 4.5294 4.79296 4.97621 5.09701 5.17112 5.21214 5.23142 5.23804 5.23884 5.23834 5.23883 5.24028 5.24039 5.23461 5.21607 5.17566 5.102 4.98149 4.79835 4.53467 4.17058 3.68435 3.05258 2.25051 1.25227 0.0312175 
0.0312175 1.25089 2.24797 3.04909 3.68013 4.16587 4.52969 4.79329 4.97657 5.0974 5.17155 5.21259 5.23188 5.23852 5.23932 5.23883 5.23931 5.24075 5.24086 5.23505 5.21649 5.17606 5.10237 4.98183 4.79865 4.53494 4.17081 3.68453 3.05272 2.2506 1.25232 0.0312175 
0.280957 1.47386 2.44455 3.22004 3.82654 4.28913 4.63142 4.87534 5.04091 5.14612 5.20681 5.2366 5.24687 5.24674 5.24303 5.24028 5.24075 5.24444 5.24905 5.25 5.24044 5.21125 5.15102 5.04609 4.88062 4.63659 4.29399 3.83087 3.22361 2.44714 1.47526 0.280957 
0.780437 1.91935 2.83684 3.56067 4.11775 4.53373 4.83275 5.0371 5.16711 5.24097 5.27466 5.2819 5.27411 5.26042 5.24767 5.24039 5.24086 5.24905 5.26267 5.27716 5.28565 5.27899 5.24574 5.17215 5.04224 4.83779 4.53847 4.12196 3.56415 2.83937 1.92072 0.780437 
1.52966 2.58657 3.42328 4.06874 4.5509 4.89634 5.12991 5.27451 5.35089 5.37754 5.37062 5.34395 5.30903 5.27499 5.24867 5.23461 5.23505 5.25 5.27716 5.31197 5.34757 5.37479 5.38214 5.35576 5.27947 5.13477 4.9009 4.55496 4.07209 3.42572 2.58788 1.52966 
2.52862 3.47427 4.20146 4.74076 5.12159 5.37178 5.51718 5.58142 5.5858 5.54916 5.48789 5.41592 5.34477 5.28359 5.23918 5.21607 5.21649 5.24044 5.28565 5.34757 5.41936 5.49187 5.55354 5.59043 5.58614 5.5218 5.37613 5.12546 4.74395 4.20378 3.47552 2.52862 
3.77732 4.58072 5.16798 5.57186 5.82371 5.95295 5.98666 5.94939 5.86304 5.74684 5.61736 5.48863 5.37216 5.27705 5.21006 5.17566 5.17606 5.21125 5.27899 5.37479 5.49187 5.6211 5.75096 5.8674 5.95383 5.99101 5.95704 5.82735 5.57486 5.17016 4.58189 3.77732 
5.27575 5.90356 6.31829 6.55556 6.64918 6.63052 6.52812 6.36756 6.17136 5.9591 5.74749 5.55054 5.3797 5.24394 5.14992 5.102 5.10237 5.15102 5.24574 5.38214 5.55354 5.75096 5.96292 6.1754 6.37167 6.53215 6.6343 6.65255 6.55835 6.32031 5.90465 5.27575 
7.02393 7.4397 7.64644 7.68345 7.5876 7.39261 7.12867 6.82239 6.49687 6.17192 5.86424 5.5877 5.35353 5.17051 5.04509 4.98149 4.98183 5.04609 5.17215 5.35576 5.59043 5.8674 6.1754 6.50056 6.82614 7.13235 7.39606 7.59068 7.68599 7.64829 7.4407 7.02393 
9.02185 9.18509 9.14468 8.94469 8.62578 8.22437 7.77239 7.29739 6.82285 6.36856 5.951 5.58369 5.27748 5.04077 4.87972 4.79835 4.79865 4.88062 5.04224 5.27947 5.58614 5.95383 6.37167 6.82614 7.30074 7.77568 8.22746 8.62853 8.94696 9.14633 9.18598 9.02185 
11.2695 11.1343 10.8028 10.3253 9.74699 9.10734 8.43986 7.77275 7.12947 6.52944 5.98854 5.51967 5.13303 4.83651 4.63581 4.53467 4.53494 4.63659 4.83779 5.13477 5.5218 5.99101 6.53215 7.13235 7.77568 8.44273 9.11004 9.74939 10.3273 10.8042 11.1351 11.2695 
13.7669 13.28 12.6072 11.807 10.93 10.0187 9.10761 8.22498 7.39363 6.63201 5.95495 5.37432 4.89943 4.53739 4.29332 4.17058 4.17081 4.29399 4.53847 4.9009 5.37613 5.95704 6.6343 7.39606 8.22746 9.11004 10.021 10.9321 11.8086 12.6084 13.2807 13.7669 
16.514 15.6118 14.5392 13.3657 12.1479 10.9302 9.74743 8.62653 7.58872 6.6507 5.82567 5.124 4.55377 4.12109 3.83033 3.68435 3.68453 3.83087 4.12196 4.55496 5.12546 5.82735 6.65255 7.59068 8.62853 9.74939 10.9321 12.1495 13.3671 14.5402 15.6124 16.514 
19.5109 18.1141 16.5723 14.969 13.3658 11.8073 10.3258 8.94545 7.68451 6.55694 5.57359 4.74285 4.0712 3.56349 3.2232 3.05258 3.05272 3.22361 3.56415 4.07209 4.74395 5.57486 6.55835 7.68599 8.94696 10.3273 11.8086 13.3671 14.97 16.573 18.1145 19.5109 
22.7575 20.7616 18.6669 16.5723 14.5394 12.6075 10.8032 9.14532 7.64729 6.31937 5.1693 4.20304 3.42512 2.83893 2.44687 2.25051 2.2506 2.44714 2.83937 3.42572 4.20378 5.17016 6.32031 7.64829 9.14633 10.8042 12.6084 14.5402 16.573 18.6674 20.7618 22.7575 
26.2539 23.5077 20.7616 18.1142 15.6119 13.2802 11.1346 9.18547 7.4402 5.90418 4.58147 3.47516 2.58758 1.9205 1.47513 1.25227 1.25232 1.47526 1.92072 2.58788 3.47552 4.58189 5.90465 7.4407 9.18598 11.1351 13.2807 15.6124 18.1145 20.7618 23.5079 26.2539 
30 26.2539 22.7575 19.5109 16.514 13.7669 11.2695 9.02185 7.02393 5.27575 3.77732 2.52862 1.52966 0.780437 0.280957 0.0312175 0.0312175 0.280957 0.780437 1.52966 2.52862 3.77732 5.27575 7.02393 9.02185 11.2695 13.7669 16.514 19.5109 22.7575 26.2539 30 
